   0.0000000e+00   1.6033904e+04
   1.0000000e-05   1.6027294e+04
   2.0000000e-05   1.6033904e+04
   3.0000000e-05   1.6033904e+04
   4.0000000e-05   1.6033904e+04
   5.0000000e-05   1.6022194e+04
   6.0000000e-05   1.6016809e+04
   7.0000000e-05   1.6033904e+04
   8.0000000e-05   1.6033904e+04
   9.0000000e-05   1.6033904e+04
   1.0000000e-04   1.6033904e+04
   1.1000000e-04   1.6033904e+04
   1.2000000e-04   1.6033904e+04
   1.3000000e-04   1.6033904e+04
   1.4000000e-04   1.6033904e+04
   1.5000000e-04   1.5912834e+04
   1.6000000e-04   1.5744121e+04
   1.7000000e-04   1.5554940e+04
   1.8000000e-04   1.5351372e+04
   1.9000000e-04   1.5135127e+04
   2.0000000e-04   1.4932032e+04
   2.1000000e-04   1.4717209e+04
   2.2000000e-04   1.4447142e+04
   2.3000000e-04   1.4047213e+04
   2.4000000e-04   1.3498592e+04
   2.5000000e-04   1.2782031e+04
   2.6000000e-04   1.1899311e+04
   2.7000000e-04   1.0832437e+04
   2.8000000e-04   9.6226367e+03
   2.9000000e-04   8.3363594e+03
   3.0000000e-04   7.0589907e+03
   3.1000000e-04   5.8325014e+03
   3.2000000e-04   4.6860660e+03
   3.3000000e-04   3.6464705e+03
   3.4000000e-04   2.7503283e+03
   3.5000000e-04   2.0186309e+03
   3.6000000e-04   1.4499608e+03
   3.7000000e-04   1.0264845e+03
   3.8000000e-04   7.2282567e+02
   3.9000000e-04   5.1273163e+02
   4.0000000e-04   3.7072575e+02
   4.1000000e-04   2.7633988e+02
   4.2000000e-04   2.1374285e+02
   4.3000000e-04   1.7258846e+02
   4.4000000e-04   1.4567731e+02
   4.5000000e-04   1.2885486e+02
   4.6000000e-04   1.1927851e+02
   4.7000000e-04   1.1571906e+02
   4.8000000e-04   1.1738924e+02
   4.9000000e-04   1.2443550e+02
   5.0000000e-04   1.3701674e+02
   5.1000000e-04   1.5614210e+02
   5.2000000e-04   1.8297920e+02
   5.3000000e-04   2.1983902e+02
   5.4000000e-04   2.6909031e+02
   5.5000000e-04   3.3417886e+02
   5.6000000e-04   4.1839306e+02
   5.7000000e-04   5.2625657e+02
   5.8000000e-04   6.6194348e+02
   5.9000000e-04   8.3070166e+02
   6.0000000e-04   1.0371866e+03
   6.1000000e-04   1.2867263e+03
   6.2000000e-04   1.5836963e+03
   6.3000000e-04   1.9318442e+03
   6.4000000e-04   2.3333819e+03
   6.5000000e-04   2.7879363e+03
   6.6000000e-04   3.2945123e+03
   6.7000000e-04   3.8498046e+03
   6.8000000e-04   4.4523721e+03
   6.9000000e-04   5.0936542e+03
   7.0000000e-04   5.7646141e+03
   7.1000000e-04   6.4494368e+03
   7.2000000e-04   7.1449711e+03
   7.3000000e-04   7.8477212e+03
   7.4000000e-04   8.5627915e+03
   7.5000000e-04   9.2790801e+03
   7.6000000e-04   9.9872363e+03
   7.7000000e-04   1.0665496e+04
   7.8000000e-04   1.1308629e+04
   7.9000000e-04   1.1912279e+04
   8.0000000e-04   1.2488840e+04
   8.1000000e-04   1.3033992e+04
   8.2000000e-04   1.3544897e+04
   8.3000000e-04   1.4010993e+04
   8.4000000e-04   1.4441250e+04
   8.5000000e-04   1.4836030e+04
   8.6000000e-04   1.5198282e+04
   8.7000000e-04   1.5523110e+04
   8.8000000e-04   1.5823996e+04
   8.9000000e-04   1.6033904e+04
   9.0000000e-04   1.6033904e+04
   9.1000000e-04   1.6033904e+04
   9.2000000e-04   1.6033904e+04
   9.3000000e-04   1.6033904e+04
   9.4000000e-04   1.6033904e+04
   9.5000000e-04   1.6033904e+04
   9.6000000e-04   1.6033904e+04
   9.7000000e-04   1.6033904e+04
   9.8000000e-04   1.6033904e+04
   9.9000000e-04   1.6033904e+04
   1.0000000e-03   1.6033904e+04
   1.0100000e-03   1.6033904e+04
   1.0200000e-03   1.6033904e+04
   1.0300000e-03   1.6033904e+04
   1.0400000e-03   1.6033904e+04
   1.0500000e-03   1.6033904e+04
   1.0600000e-03   1.6033904e+04
   1.0700000e-03   1.6033904e+04
   1.0800000e-03   1.6033904e+04
   1.0900000e-03   1.6033904e+04
   1.1000000e-03   1.6033904e+04
   1.1100000e-03   1.6033904e+04
   1.1200000e-03   1.6033904e+04
   1.1300000e-03   1.6033904e+04
   1.1400000e-03   1.6033904e+04
   1.1500000e-03   1.6033904e+04
   1.1600000e-03   1.6033904e+04
   1.1700000e-03   1.6033904e+04
   1.1800000e-03   1.6033904e+04
   1.1900000e-03   1.6033904e+04
   1.2000000e-03   1.6033904e+04
   1.2100000e-03   1.6033904e+04
   1.2200000e-03   1.6033904e+04
   1.2300000e-03   1.6033904e+04
   1.2400000e-03   1.6033904e+04
   1.2500000e-03   1.6033904e+04
   1.2600000e-03   1.6033904e+04
   1.2700000e-03   1.6033904e+04
   1.2800000e-03   1.6033904e+04
   1.2900000e-03   1.6033904e+04
   1.3000000e-03   1.6033904e+04
   1.3100000e-03   1.6033904e+04
   1.3200000e-03   1.6033904e+04
   1.3300000e-03   1.6033904e+04
   1.3400000e-03   1.6033904e+04
   1.3500000e-03   1.6033904e+04
   1.3600000e-03   1.6033904e+04
   1.3700000e-03   1.6033904e+04
   1.3800000e-03   1.6033904e+04
   1.3900000e-03   1.6033904e+04
   1.4000000e-03   1.6033904e+04
   1.4100000e-03   1.6033904e+04
   1.4200000e-03   1.6033904e+04
   1.4300000e-03   1.6033904e+04
   1.4400000e-03   1.6033904e+04
   1.4500000e-03   1.6033904e+04
   1.4600000e-03   1.6033904e+04
   1.4700000e-03   1.6016809e+04
   1.4800000e-03   1.6016809e+04
   1.4900000e-03   1.6024708e+04
   1.5000000e-03   1.6023127e+04
   1.5100000e-03   1.6019680e+04
   1.5200000e-03   1.6020758e+04
   1.5300000e-03   1.6022409e+04
   1.5400000e-03   1.6021691e+04
   1.5500000e-03   1.6021117e+04
   1.5600000e-03   1.6021548e+04
   1.5700000e-03   1.6021835e+04
   1.5800000e-03   1.6021548e+04
   1.5900000e-03   1.6021548e+04
   1.6000000e-03   1.6021548e+04
   1.6100000e-03   1.6021476e+04
   1.6200000e-03   1.6021548e+04
   1.6300000e-03   1.6021619e+04
   1.6400000e-03   1.6021548e+04
   1.6500000e-03   1.6021476e+04
   1.6600000e-03   1.6021548e+04
   1.6700000e-03   1.6021548e+04
   1.6800000e-03   1.6021548e+04
   1.6900000e-03   1.6021548e+04
   1.7000000e-03   1.6021548e+04
   1.7100000e-03   1.6021548e+04
   1.7200000e-03   1.6021548e+04
   1.7300000e-03   1.6021548e+04
   1.7400000e-03   1.6021548e+04
   1.7500000e-03   1.6021548e+04
   1.7600000e-03   1.6021548e+04
   1.7700000e-03   1.6021548e+04
   1.7800000e-03   1.6021548e+04
   1.7900000e-03   1.6021548e+04
   1.8000000e-03   1.6021548e+04
   1.8100000e-03   1.6021548e+04
   1.8200000e-03   1.6021548e+04
   1.8300000e-03   1.6021548e+04
   1.8400000e-03   1.6021548e+04
   1.8500000e-03   1.6021548e+04
   1.8600000e-03   1.6021548e+04
   1.8700000e-03   1.6021548e+04
   1.8800000e-03   1.6021548e+04
   1.8900000e-03   1.6021548e+04
   1.9000000e-03   1.6021548e+04
   1.9100000e-03   1.6021548e+04
   1.9200000e-03   1.6021548e+04
   1.9300000e-03   1.6021548e+04
   1.9400000e-03   1.6021548e+04
   1.9500000e-03   1.6021548e+04
   1.9600000e-03   1.6021548e+04
   1.9700000e-03   1.6021548e+04
   1.9800000e-03   1.6021548e+04
   1.9900000e-03   1.6021548e+04
